0.        
  0.        
  0.        
  0.        
  0.        
  0.        
  0.        
  0.        
  0.        
  0.        
  0.        
  0.        
  0.        
  0.        
  0.        
  0.        
  0.        
  0.        
  0.        
  0.        
  0.        
  0.        
  0.        
  0.        
  0.        
  0.        
  0.        
  0.        

 0.        
  0.        
  0.        
  0.        
  0.        
  0.        
  0.        
  0.        
  0.        
  0.        
  0.        
  0.        
  0.        
  0.        
  0.        
  0.        
  0.        
  0.        
  0.        
  0.        
  0.        
  0.        
  0.        
  0.        
  0.        
  0.        
  0.        
  0.        

 0.        
  0.        
  0.        
  0.        
  0.        
  0.        
  0.        
  0.        
  0.        
  0.        
  0.        
  0.        
  0.        
  0.        
  0.        
  0.        
  0.        
  0.        
  0.        
  0.        
  0.        
  0.        
  0.        
  0.        
  0.        
  0.        
  0.        
  0.        

 0.        
  0.        
  0.        
  0.        
  0.        
  0.        
  0.        
  0.        
  0.        
  0.        
  0.        
  0.        
  0.        
  0.        
  0.        
  0.        
  0.        
  0.        
  0.        
  0.        
  0.        
  0.        
  0.        
  0.        
  0.        
  0.        
  0.        
  0.        

 0.        
  0.        
  0.        
  0.        
  0.        
  0.        
  0.        
  0.        
  0.        
  0.        
  0.        
  0.        
  0.        
  0.        
  0.        
  0.        
  0.        
  0.        
  0.        
  0.        
  0.        
  0.        
  0.        
  0.        
  0.        
  0.        
  0.        
  0.        

 0.        
  0.        
  0.        
  0.        
  0.        
  0.        
  0.        
  0.        
  0.        
  0.        
  0.        
  0.        
  0.        
  0.        
  0.10196078
  0.4627451 
  0.80392157
  0.8       
  0.73333333
  0.39607843
  0.05490196
  0.        
  0.        
  0.        
  0.        
  0.        
  0.        
  0.        

 0.        
  0.        
  0.        
  0.        
  0.        
  0.        
  0.        
  0.        
  0.        
  0.        
  0.        
  0.        
  0.05882353
  0.45882353
  0.85490196
  0.96862745
  0.99607843
  0.99607843
  0.99215686
  0.88627451
  0.22745098
  0.00784314
  0.        
  0.        
  0.        
  0.        
  0.        
  0.        

 0.        
  0.        
  0.        
  0.        
  0.        
  0.        
  0.        
  0.        
  0.        
  0.        
  0.        
  0.29803922
  0.8627451 
  1.        
  1.        
  0.96862745
  0.80784314
  0.74901961
  0.79607843
  0.94901961
  0.88235294
  0.05882353
  0.        
  0.        
  0.        
  0.        
  0.        
  0.        

 0.        
  0.        
  0.        
  0.        
  0.        
  0.        
  0.        
  0.        
  0.        
  0.        
  0.01568627
  0.49803922
  0.9372549 
  0.96078431
  0.94509804
  0.63921569
  0.1372549 
  0.01568627
  0.10588235
  0.72941176
  0.99607843
  0.1372549 
  0.        
  0.        
  0.        
  0.        
  0.        
  0.        

 0.        
  0.        
  0.        
  0.        
  0.        
  0.        
  0.        
  0.        
  0.        
  0.        
  0.05098039
  0.45882353
  0.64705882
  0.55686275
  0.48627451
  0.30196078
  0.57254902
  0.08627451
  0.05882353
  0.70196078
  0.99607843
  0.34509804
  0.        
  0.        
  0.        
  0.        
  0.        
  0.        

 0.        
  0.        
  0.        
  0.        
  0.        
  0.        
  0.        
  0.        
  0.        
  0.        
  0.        
  0.05490196
  0.05882353
  0.00784314
  0.00784314
  0.43921569
  0.72941176
  0.18039216
  0.40392157
  0.8627451 
  0.96862745
  0.10196078
  0.        
  0.        
  0.        
  0.        
  0.        
  0.        

 0.        
  0.        
  0.        
  0.        
  0.        
  0.        
  0.        
  0.        
  0.        
  0.        
  0.        
  0.        
  0.10196078
  0.21960784
  0.18823529
  0.32156863
  0.84313725
  0.65098039
  0.86666667
  0.95686275
  0.59215686
  0.03529412
  0.        
  0.        
  0.        
  0.        
  0.        
  0.        

 0.        
  0.        
  0.        
  0.        
  0.        
  0.        
  0.        
  0.        
  0.        
  0.        
  0.        
  0.        
  0.35686275
  0.77254902
  0.80392157
  0.78431373
  0.99607843
  0.98431373
  0.96862745
  0.72156863
  0.17254902
  0.00392157
  0.        
  0.        
  0.        
  0.        
  0.        
  0.        

 0.        
  0.        
  0.        
  0.        
  0.        
  0.        
  0.        
  0.        
  0.        
  0.        
  0.        
  0.        
  0.43137255
  0.9372549 
  1.        
  0.99607843
  0.99607843
  0.91764706
  0.54117647
  0.16470588
  0.01960784
  0.        
  0.        
  0.        
  0.        
  0.        
  0.        
  0.        

 0.        
  0.        
  0.        
  0.        
  0.        
  0.        
  0.        
  0.        
  0.        
  0.        
  0.        
  0.        
  0.18823529
  0.65882353
  0.80392157
  0.95686275
  1.        
  0.70980392
  0.13333333
  0.00784314
  0.        
  0.        
  0.        
  0.        
  0.        
  0.        
  0.        
  0.        

 0.        
  0.        
  0.        
  0.        
  0.        
  0.        
  0.        
  0.00392157
  0.00784314
  0.        
  0.        
  0.        
  0.        
  0.        
  0.00392157
  0.20392157
  0.71372549
  0.90980392
  0.44313725
  0.03921569
  0.        
  0.        
  0.        
  0.        
  0.        
  0.        
  0.        
  0.        

 0.        
  0.        
  0.        
  0.        
  0.        
  0.        
  0.        
  0.0627451 
  0.21960784
  0.09803922
  0.        
  0.        
  0.        
  0.        
  0.        
  0.        
  0.16078431
  0.76862745
  0.72156863
  0.16078431
  0.        
  0.        
  0.        
  0.        
  0.        
  0.        
  0.        
  0.        

 0.        
  0.        
  0.        
  0.        
  0.        
  0.        
  0.02745098
  0.47058824
  0.71764706
  0.28627451
  0.        
  0.        
  0.        
  0.        
  0.        
  0.00392157
  0.13333333
  0.67058824
  0.78431373
  0.2       
  0.        
  0.        
  0.        
  0.        
  0.        
  0.        
  0.        
  0.        

 0.        
  0.        
  0.        
  0.        
  0.        
  0.        
  0.21568627
  0.90588235
  0.55686275
  0.        
  0.        
  0.        
  0.        
  0.        
  0.00392157
  0.12156863
  0.55294118
  0.94901961
  0.74509804
  0.17647059
  0.        
  0.        
  0.        
  0.        
  0.        
  0.        
  0.        
  0.        

 0.        
  0.        
  0.        
  0.        
  0.        
  0.        
  0.23529412
  0.99215686
  0.65098039
  0.18823529
  0.06666667
  0.        
  0.05490196
  0.2       
  0.41568627
  0.70196078
  0.95294118
  0.89019608
  0.43529412
  0.05882353
  0.        
  0.        
  0.        
  0.        
  0.        
  0.        
  0.        
  0.        

 0.        
  0.        
  0.        
  0.        
  0.        
  0.        
  0.04313725
  0.77647059
  0.92941176
  0.81568627
  0.69019608
  0.58431373
  0.67058824
  0.80784314
  0.91372549
  0.99607843
  0.90588235
  0.47058824
  0.09803922
  0.        
  0.        
  0.        
  0.        
  0.        
  0.        
  0.        
  0.        
  0.        

 0.        
  0.        
  0.        
  0.        
  0.        
  0.        
  0.        
  0.19607843
  0.85882353
  1.        
  0.98823529
  0.97254902
  0.98431373
  0.99607843
  0.96470588
  0.77647059
  0.32941176
  0.05098039
  0.00784314
  0.        
  0.        
  0.        
  0.        
  0.        
  0.        
  0.        
  0.        
  0.        

 0.        
  0.        
  0.        
  0.        
  0.        
  0.        
  0.        
  0.00784314
  0.18823529
  0.59607843
  0.76862745
  0.8       
  0.61568627
  0.59607843
  0.18431373
  0.01960784
  0.00784314
  0.        
  0.        
  0.        
  0.        
  0.        
  0.        
  0.        
  0.        
  0.        
  0.        
  0.        

 0.        
  0.        
  0.        
  0.        
  0.        
  0.        
  0.        
  0.        
  0.        
  0.        
  0.        
  0.        
  0.        
  0.        
  0.        
  0.        
  0.        
  0.        
  0.        
  0.        
  0.        
  0.        
  0.        
  0.        
  0.        
  0.        
  0.        
  0.        

 0.        
  0.        
  0.        
  0.        
  0.        
  0.        
  0.        
  0.        
  0.        
  0.        
  0.        
  0.        
  0.        
  0.        
  0.        
  0.        
  0.        
  0.        
  0.        
  0.        
  0.        
  0.        
  0.        
  0.        
  0.        
  0.        
  0.        
  0.        

 0.        
  0.        
  0.        
  0.        
  0.        
  0.        
  0.        
  0.        
  0.        
  0.        
  0.        
  0.        
  0.        
  0.        
  0.        
  0.        
  0.        
  0.        
  0.        
  0.        
  0.        
  0.        
  0.        
  0.        
  0.        
  0.        
  0.        
  0.        

 0.        
  0.        
  0.        
  0.        
  0.        
  0.        
  0.        
  0.        
  0.        
  0.        
  0.        
  0.        
  0.        
  0.        
  0.        
  0.        
  0.        
  0.        
  0.        
  0.        
  0.        
  0.        
  0.        
  0.        
  0.        
  0.        
  0.        
  0.        

 0.        
  0.        
  0.        
  0.        
  0.        
  0.        
  0.        
  0.        
  0.        
  0.        
  0.        
  0.        
  0.        
  0.        
  0.        
  0.        
  0.        
  0.        
  0.        
  0.        
  0.        
  0.        
  0.        
  0.        
  0.        
  0.        
  0.        
  0.        
